23 17
0 11 38 17 2 42 39 37 2 18 14 40 36 13 25 40 10 41 41 15 27 23 9 
11 0 35 28 34 7 36 15 17 27 4 15 5 20 36 17 13 19 29 8 15 2 34 
38 35 0 30 11 34 11 20 21 2 35 33 4 17 33 42 22 9 24 32 13 36 25 
17 28 30 0 2 17 8 6 31 2 33 2 28 26 41 19 7 41 39 25 24 30 39 
2 34 11 2 0 11 25 32 42 28 6 33 9 39 36 35 24 19 21 4 32 4 21 
42 7 34 17 11 0 40 20 22 2 37 22 42 10 6 39 26 36 28 41 20 25 18 
39 36 11 8 25 40 0 12 18 32 8 20 3 22 28 31 42 8 30 41 13 36 25 
37 15 20 6 32 20 12 0 7 30 31 27 32 10 17 19 38 5 19 8 20 36 34 
2 17 21 31 42 22 18 7 0 3 25 18 28 12 40 20 2 4 8 19 6 23 23 
18 27 2 2 28 2 32 30 3 0 26 10 27 20 42 4 40 16 14 42 11 10 34 
14 4 35 33 6 37 8 31 25 26 0 28 19 9 34 13 21 24 35 5 26 26 36 
40 15 33 2 33 22 20 27 18 10 28 0 41 30 32 22 31 6 16 23 7 42 42 
36 5 4 28 9 42 3 32 28 27 19 41 0 23 11 35 28 25 20 30 29 11 38 
13 20 17 26 39 10 22 10 12 20 9 30 23 0 11 22 3 32 38 19 9 23 29 
25 36 33 41 36 6 28 17 40 42 34 32 11 11 0 39 26 11 23 36 40 3 5 
40 17 42 19 35 39 31 19 20 4 13 22 35 22 39 0 12 11 32 15 31 42 5 
10 13 22 7 24 26 42 38 2 40 21 31 28 3 26 12 0 13 18 5 30 14 8 
41 19 9 41 19 36 8 5 4 16 24 6 25 32 11 11 13 0 23 12 22 6 32 
41 29 24 39 21 28 30 19 8 14 35 16 20 38 23 32 18 23 0 12 34 2 25 
15 8 32 25 4 41 41 8 19 42 5 23 30 19 36 15 5 12 12 0 14 9 17 
27 15 13 24 32 20 13 20 6 11 26 7 29 9 40 31 30 22 34 14 0 32 7 
23 2 36 30 4 25 36 36 23 10 26 42 11 23 3 42 14 6 2 9 32 0 16 
9 34 25 39 21 18 25 34 23 34 36 42 38 29 5 5 8 32 25 17 7 16 0 
