22 6
0 25 27 14 1 12 7 15 15 35 9 24 5 17 15 35 27 1 15 35 22 28 
25 0 4 4 31 15 17 39 22 33 19 18 32 12 16 34 24 29 23 3 6 15 
27 4 0 33 33 13 7 6 8 39 35 3 40 39 10 21 21 34 6 23 26 11 
14 4 33 0 31 21 10 26 4 22 10 30 26 10 40 2 38 27 13 27 24 14 
1 31 33 31 0 14 34 7 16 4 35 11 13 1 20 18 5 25 10 23 26 36 
12 15 13 21 14 0 28 7 30 19 30 13 12 24 10 4 28 19 27 38 39 34 
7 17 7 10 34 28 0 38 25 39 0 30 15 21 14 5 1 20 40 25 7 15 
15 39 6 26 7 7 38 0 25 15 2 9 17 13 30 23 38 10 9 13 21 36 
15 22 8 4 16 30 25 25 0 8 0 18 28 27 14 17 38 35 11 25 10 10 
35 33 39 22 4 19 39 15 8 0 19 19 19 7 17 6 6 7 15 16 34 26 
9 19 35 10 35 30 0 2 0 19 0 6 5 0 6 0 38 30 39 19 25 12 
24 18 3 30 11 13 30 9 18 19 6 0 37 6 11 12 26 2 36 6 11 27 
5 32 40 26 13 12 15 17 28 19 5 37 0 39 3 12 9 13 31 1 13 36 
17 12 39 10 1 24 21 13 27 7 0 6 39 0 11 1 24 13 15 1 30 4 
15 16 10 40 20 10 14 30 14 17 6 11 3 11 0 23 9 10 13 39 32 5 
35 34 21 2 18 4 5 23 17 6 0 12 12 1 23 0 35 12 16 40 17 5 
27 24 21 38 5 28 1 38 38 6 38 26 9 24 9 35 0 0 3 14 36 26 
1 29 34 27 25 19 20 10 35 7 30 2 13 13 10 12 0 0 1 39 33 3 
15 23 6 13 10 27 40 9 11 15 39 36 31 15 13 16 3 1 0 26 26 14 
35 3 23 27 23 38 25 13 25 16 19 6 1 1 39 40 14 39 26 0 7 36 
22 6 26 24 26 39 7 21 10 34 25 11 13 30 32 17 36 33 26 7 0 0 
28 15 11 14 36 34 15 36 10 26 12 27 36 4 5 5 26 3 14 36 0 0 
